-0.9999775 0.0022104 0.0063485 -0.0305544 -0.0022049 -0.9999973 0.0008607 -0.0277936 0.0063504 0.0008467 0.9999795 0.1205293
-0.9999979 -0.0011374 -0.0017250 -0.0300164 0.0011331 -0.9999962 0.0024914 -0.0282574 -0.0017278 0.0024895 0.9999954 0.1826539
-0.9999793 -0.0026475 -0.0058433 -0.0302380 0.0026334 -0.9999935 0.0024207 -0.0283041 -0.0058497 0.0024053 0.9999800 0.2146332
-0.9999370 -0.0035232 -0.0106586 -0.0308310 0.0035138 -0.9999934 0.0008967 -0.0282961 -0.0106617 0.0008592 0.9999428 0.2476323
-0.9998824 -0.0037417 -0.0148625 -0.0316892 0.0037151 -0.9999913 0.0018189 -0.0285675 -0.0148692 0.0017635 0.9998879 0.2813164
-0.9997993 -0.0047262 -0.0194739 -0.0325452 0.0047212 -0.9999889 0.0002998 -0.0291747 -0.0194751 0.0002078 0.9998103 0.3155527
-0.9996836 -0.0057038 -0.0245010 -0.0337036 0.0057690 -0.9999801 -0.0025925 -0.0291969 -0.0244857 -0.0027330 0.9996964 0.3505251
-0.9995741 -0.0040607 -0.0288982 -0.0348821 0.0041493 -0.9999869 -0.0030057 -0.0294740 -0.0288856 -0.0031244 0.9995778 0.3861910
-0.9993316 0.0012656 -0.0365373 -0.0379146 -0.0011978 -0.9999976 -0.0018764 -0.0300688 -0.0365395 -0.0018314 0.9993305 0.4587408
-0.9992357 0.0005423 -0.0390869 -0.0396891 -0.0004103 -0.9999942 -0.0033848 -0.0303573 -0.0390885 -0.0033661 0.9992301 0.4954366
-0.9991514 0.0005141 -0.0411836 -0.0415254 -0.0003959 -0.9999957 -0.0028767 -0.0307698 -0.0411849 -0.0028580 0.9991475 0.5323487
-0.9990762 -0.0000367 -0.0429754 -0.0430798 0.0000368 -1.0000001 -0.0000014 -0.0309303 -0.0429754 -0.0000029 0.9990761 0.5698897
-0.9989684 0.0007555 -0.0454063 -0.0445609 -0.0007757 -0.9999996 0.0004269 -0.0311471 -0.0454059 0.0004617 0.9989685 0.6079648
-0.9988098 -0.0015995 -0.0487510 -0.0485301 0.0016134 -0.9999988 -0.0002457 -0.0319294 -0.0487506 -0.0003241 0.9988109 0.6846716
-0.9986367 -0.0059420 -0.0518595 -0.0531205 0.0061850 -0.9999706 -0.0045275 -0.0327254 -0.0518311 -0.0048421 0.9986441 0.7626722
-0.9985071 -0.0040893 -0.0544686 -0.0574922 0.0043340 -0.9999811 -0.0043752 -0.0337773 -0.0544496 -0.0046047 0.9985059 0.8420439
-0.9984483 -0.0024786 -0.0556320 -0.0600766 0.0027641 -0.9999834 -0.0050559 -0.0343050 -0.0556186 -0.0052018 0.9984385 0.8819398
-0.9983009 -0.0032705 -0.0581788 -0.0650623 0.0035371 -0.9999838 -0.0044813 -0.0352700 -0.0581632 -0.0046795 0.9982961 0.9625500
-0.9982016 -0.0022234 -0.0599029 -0.0697811 0.0024279 -0.9999914 -0.0033415 -0.0361767 -0.0598949 -0.0034809 0.9981986 1.0437270
-0.9982279 0.0048183 -0.0593103 -0.0749530 -0.0045417 -0.9999781 -0.0047991 -0.0368530 -0.0593321 -0.0045212 0.9982281 1.1255983
-0.9983874 0.0082382 -0.0561650 -0.0798490 -0.0079838 -0.9999567 -0.0047540 -0.0371114 -0.0562017 -0.0042979 0.9984102 1.2086670
-0.9985398 0.0008643 -0.0540143 -0.0844854 -0.0005717 -0.9999851 -0.0054315 -0.0376646 -0.0540182 -0.0053926 0.9985254 1.2919775
-0.9986466 -0.0013308 -0.0519926 -0.0889831 0.0014570 -0.9999961 -0.0023885 -0.0381194 -0.0519892 -0.0024610 0.9986446 1.3762265
-0.9985548 0.0070297 -0.0532837 -0.0932642 -0.0072066 -0.9999692 0.0031292 -0.0387590 -0.0532601 0.0035086 0.9985745 1.4615103
-0.9985045 0.0061507 -0.0543209 -0.0952093 -0.0067045 -0.9999272 0.0100180 -0.0388550 -0.0542554 0.0103672 0.9984733 1.5042245
-0.9983623 -0.0017564 -0.0571811 -0.1001167 0.0010545 -0.9999238 0.0123022 -0.0392618 -0.0571983 0.0122218 0.9982880 1.5894389
-0.9981926 -0.0010872 -0.0600885 -0.1056942 0.0004318 -0.9999404 0.0109193 -0.0401581 -0.0600968 0.0108737 0.9981333 1.6761068
-0.9980379 0.0029675 -0.0625415 -0.1113993 -0.0034660 -0.9999630 0.0078638 -0.0410395 -0.0625158 0.0080651 0.9980114 1.7630142
-0.9979401 0.0085668 -0.0635772 -0.1171137 -0.0090059 -0.9999375 0.0066228 -0.0416566 -0.0635165 0.0071817 0.9979549 1.8501577
-0.9978788 0.0102787 -0.0642816 -0.1232331 -0.0103531 -0.9999460 0.0008241 -0.0418360 -0.0642696 0.0014879 0.9979315 1.9367304
-0.9979201 0.0061456 -0.0641717 -0.1290788 -0.0060714 -0.9999808 -0.0013510 -0.0420220 -0.0641787 -0.0009586 0.9979380 2.0222645
-0.9977771 0.0070098 -0.0662717 -0.1350964 -0.0070872 -0.9999746 0.0009335 -0.0423070 -0.0662635 0.0014011 0.9978012 2.1084769
-0.9977002 0.0049992 -0.0675958 -0.1409700 -0.0049182 -0.9999869 -0.0013657 -0.0431840 -0.0676017 -0.0010301 0.9977119 2.1927371
-0.9976174 -0.0007079 -0.0689861 -0.1471790 0.0009256 -0.9999948 -0.0031235 -0.0436573 -0.0689835 -0.0031799 0.9976127 2.2765749
-0.9975737 0.0061453 -0.0693474 -0.1529736 -0.0061620 -0.9999810 0.0000265 -0.0447100 -0.0693459 0.0004537 0.9975926 2.3601112
-0.9975728 0.0054381 -0.0694175 -0.1589191 -0.0058020 -0.9999704 0.0050422 -0.0455297 -0.0693881 0.0054328 0.9975749 2.4420445
-0.9973670 0.0095635 -0.0718864 -0.1673051 -0.0105726 -0.9998507 0.0136706 -0.0462294 -0.0717449 0.0143947 0.9973191 2.5649619
-0.9971872 0.0167388 -0.0730586 -0.1736253 -0.0176778 -0.9997691 0.0122248 -0.0463921 -0.0728371 0.0134819 0.9972527 2.6469049
-0.9971140 0.0052096 -0.0757382 -0.1799281 -0.0059655 -0.9999345 0.0097579 -0.0467997 -0.0756824 0.0101816 0.9970800 2.7264664
-0.9969886 0.0013228 -0.0775352 -0.1865589 -0.0015477 -0.9999947 0.0028401 -0.0476663 -0.0775310 0.0029516 0.9969856 2.8045993
-0.9968230 0.0051787 -0.0794808 -0.1931769 -0.0050091 -0.9999848 -0.0023326 -0.0488894 -0.0794916 -0.0019271 0.9968337 2.8806636
-0.9965026 0.0064705 -0.0833117 -0.2030753 -0.0059571 -0.9999618 -0.0064087 -0.0502916 -0.0833500 -0.0058900 0.9965029 2.9910803
-0.9961317 0.0106682 -0.0872215 -0.2127926 -0.0099796 -0.9999154 -0.0083275 -0.0510999 -0.0873030 -0.0074248 0.9961541 3.0965497
-0.9957955 0.0169904 -0.0900144 -0.2195314 -0.0158966 -0.9997909 -0.0128546 -0.0517233 -0.0902140 -0.0113697 0.9958575 3.1641536
-0.9955466 -0.0006381 -0.0942702 -0.2287213 0.0020717 -0.9998838 -0.0151098 -0.0522689 -0.0942496 -0.0152378 0.9954320 3.2589538
-0.9953082 0.0040809 -0.0966708 -0.2379506 -0.0022763 -0.9998213 -0.0187706 -0.0536644 -0.0967301 -0.0184625 0.9951394 3.3472281
-0.9953156 -0.0096138 -0.0961995 -0.2456481 0.0099937 -0.9999440 -0.0034674 -0.0547475 -0.0961608 -0.0044125 0.9953560 3.4272068
-0.9964155 -0.0037013 -0.0845131 -0.2526826 0.0045057 -0.9999464 -0.0093291 -0.0562481 -0.0844740 -0.0096765 0.9963787 3.5014138
-0.9981769 0.0042844 -0.0602023 -0.2561935 -0.0039949 -0.9999797 -0.0049277 -0.0578797 -0.0602222 -0.0046783 0.9981740 3.5706902
-0.9996214 0.0043741 -0.0271670 -0.2575570 -0.0039639 -0.9998777 -0.0151364 -0.0584128 -0.0272299 -0.0150230 0.9995163 3.6137438
-0.9986917 0.0071480 0.0506344 -0.2538571 -0.0076240 -0.9999285 -0.0092131 -0.0589779 0.0505649 -0.0095871 0.9986748 3.6740885
-0.9925801 0.0092387 0.1212402 -0.2480820 -0.0103777 -0.9999076 -0.0087669 -0.0594737 0.1211480 -0.0099601 0.9925845 3.7121792
-0.9781169 0.0090675 0.2078585 -0.2391084 -0.0110826 -0.9999022 -0.0085319 -0.0598521 0.2077608 -0.0106489 0.9781217 3.7482665
-0.9309236 0.0020029 0.3652083 -0.2189167 -0.0068418 -0.9999050 -0.0119561 -0.0607243 0.3651497 -0.0136289 0.9308491 3.7976849
-0.8776786 -0.0020608 0.4792454 -0.2003734 -0.0047101 -0.9999054 -0.0129256 -0.0610553 0.4792267 -0.0136018 0.8775858 3.8265717
-0.7675564 -0.0043447 0.6409666 -0.1662639 -0.0023242 -0.9999516 -0.0095613 -0.0622740 0.6409771 -0.0088285 0.7675092 3.8636014
-0.6801092 -0.0025048 0.7331065 -0.1398437 -0.0050899 -0.9999539 -0.0081385 -0.0626984 0.7330931 -0.0092665 0.6800652 3.8842368
-0.5859565 -0.0042121 0.8103316 -0.1111802 0.0016419 -0.9999907 -0.0040107 -0.0636339 0.8103409 -0.0010196 0.5859579 3.9017096
-0.4919824 -0.0064959 0.8705809 -0.0811582 -0.0029341 -0.9999540 -0.0091193 -0.0643894 0.8706002 -0.0070409 0.4919408 3.9163208
-0.4038823 -0.0091565 0.9147652 -0.0499518 0.0030910 -0.9999579 -0.0086446 -0.0650586 0.9148058 -0.0006639 0.4038935 3.9274664
-0.3287901 -0.0035592 0.9443963 -0.0168672 0.0181723 -0.9998316 0.0025585 -0.0654477 0.9442282 0.0180031 0.3287994 3.9356139
-0.2642416 -0.0107338 0.9643967 0.0170952 0.0071200 -0.9999324 -0.0091785 -0.0663377 0.9644302 0.0044411 0.2643003 3.9448290
-0.2101483 -0.0157754 0.9775423 0.0528600 0.0044223 -0.9998750 -0.0151851 -0.0676555 0.9776596 0.0011318 0.2101917 3.9518044
-0.1868605 -0.0187912 0.9822066 0.0713558 0.0124390 -0.9997820 -0.0167610 -0.0679107 0.9823076 0.0090857 0.1870537 3.9539032
-0.1468306 -0.0326093 0.9886239 0.1102802 0.0223750 -0.9993101 -0.0296386 -0.0680283 0.9889085 0.0177686 0.1474591 3.9579709
-0.1291510 -0.0324346 0.9910944 0.1309836 0.0193727 -0.9993567 -0.0301805 -0.0686664 0.9914357 0.0153024 0.1296962 3.9605727
-0.1137413 -0.0277258 0.9931235 0.1525091 0.0165163 -0.9995251 -0.0260129 -0.0696316 0.9933731 0.0134440 0.1141452 3.9628985
-0.0860518 -0.0217810 0.9960526 0.1967915 0.0178448 -0.9996344 -0.0203176 -0.0712788 0.9961309 0.0160260 0.0864089 3.9661338
-0.0744107 -0.0210938 0.9970046 0.2198441 0.0213299 -0.9995812 -0.0195563 -0.0718240 0.9969995 0.0198108 0.0748295 3.9672482
-0.0641637 -0.0216845 0.9977038 0.2437184 0.0242729 -0.9995021 -0.0201625 -0.0725061 0.9976442 0.0229235 0.0646579 3.9683630
-0.0562970 -0.0222923 0.9981652 0.2683361 0.0260768 -0.9994425 -0.0208501 -0.0730314 0.9980735 0.0248552 0.0568469 3.9694042
-0.0507815 -0.0225346 0.9984555 0.2940289 0.0278214 -0.9993894 -0.0211407 -0.0737265 0.9983222 0.0267049 0.0513774 3.9704952
-0.0450951 -0.0234786 0.9987068 0.3203092 0.0289756 -0.9993340 -0.0221850 -0.0744768 0.9985624 0.0279377 0.0457453 3.9715760
-0.0343977 -0.0239043 0.9991223 0.3748429 0.0314871 -0.9992436 -0.0228232 -0.0759966 0.9989121 0.0306744 0.0351243 3.9734206
-0.0287512 -0.0230531 0.9993207 0.4331425 0.0336908 -0.9991883 -0.0220808 -0.0778367 0.9990187 0.0330331 0.0295045 3.9746304
-0.0254890 -0.0223254 0.9994258 0.4951442 0.0397111 -0.9989841 -0.0213028 -0.0794698 0.9988860 0.0391453 0.0263497 3.9757791
-0.0324736 -0.0219370 0.9992318 0.5937994 0.0477985 -0.9986492 -0.0203708 -0.0825025 0.9983289 0.0471002 0.0334784 3.9785247
-0.0451991 -0.0191082 0.9987952 0.6993868 0.0495659 -0.9986285 -0.0168620 -0.0849414 0.9977476 0.0487440 0.0460842 3.9824405
-0.0574499 -0.0171875 0.9982004 0.8100676 0.0427644 -0.9989764 -0.0147397 -0.0877793 0.9974321 0.0418406 0.0581261 3.9894125
-0.0619349 -0.0259486 0.9977428 0.8853994 0.0355997 -0.9990833 -0.0237736 -0.0903807 0.9974451 0.0340469 0.0628018 3.9946184
-0.0619726 -0.0284098 0.9976734 0.9618411 0.0305701 -0.9991798 -0.0265538 -0.0928553 0.9976095 0.0288533 0.0627904 4.0001049
-0.0619072 -0.0249935 0.9977690 1.0383435 0.0286479 -0.9993191 -0.0232548 -0.0960206 0.9976707 0.0271443 0.0625809 4.0053549
-0.0625281 -0.0244875 0.9977428 1.1146141 0.0244740 -0.9994360 -0.0229953 -0.0989106 0.9977431 0.0229809 0.0630920 4.0108829
-0.0612087 -0.0260191 0.9977858 1.1905541 0.0181317 -0.9995242 -0.0249522 -0.1019007 0.9979603 0.0165643 0.0616513 4.0163798
-0.0548626 -0.0240248 0.9982048 1.2665262 0.0126053 -0.9996474 -0.0233668 -0.1046829 0.9984143 0.0113007 0.0551461 4.0212402
-0.0441298 -0.0190936 0.9988433 1.3425332 0.0075201 -0.9997954 -0.0187796 -0.1074839 0.9989975 0.0066827 0.0442643 4.0250816
-0.0281050 -0.0202326 0.9994002 1.4175234 0.0064037 -0.9997782 -0.0200602 -0.1099643 0.9995844 0.0058360 0.0282284 4.0276027
-0.0074583 -0.0193994 0.9997840 1.4921422 0.0075773 -0.9997842 -0.0193429 -0.1124996 0.9999435 0.0074314 0.0076037 4.0286622
0.0144270 -0.0173367 0.9997455 1.5662013 0.0073906 -0.9998204 -0.0174446 -0.1150647 0.9998685 0.0076404 -0.0142961 4.0279021
0.0362825 -0.0182203 0.9991754 1.6395782 0.0073192 -0.9998021 -0.0184975 -0.1174082 0.9993147 0.0079843 -0.0361419 4.0253005
0.0574361 -0.0203777 0.9981412 1.7117660 0.0073197 -0.9997562 -0.0208319 -0.1195084 0.9983223 0.0085026 -0.0572729 4.0216951
0.0768086 -0.0212113 0.9968202 1.7830551 0.0083577 -0.9997249 -0.0219171 -0.1220450 0.9970109 0.0100146 -0.0766102 4.0168419
0.0945533 -0.0207756 0.9953029 1.8521750 0.0101599 -0.9997099 -0.0218327 -0.1245490 0.9954679 0.0121765 -0.0943147 4.0101886
0.1074187 -0.0173061 0.9940633 1.9200379 0.0146226 -0.9997129 -0.0189846 -0.1270825 0.9941064 0.0165751 -0.1071349 4.0029516
0.1135964 -0.0142762 0.9934243 1.9858503 0.0196923 -0.9996678 -0.0166177 -0.1290207 0.9933317 0.0214506 -0.1132774 3.9948759
0.1162972 -0.0135643 0.9931218 2.0482535 0.0202722 -0.9996659 -0.0160276 -0.1309544 0.9930075 0.0219968 -0.1159833 3.9880531
0.1123599 -0.0160845 0.9935374 2.1079819 0.0218536 -0.9995872 -0.0186538 -0.1328135 0.9934273 0.0238083 -0.1119621 3.9809794
0.0993002 -0.0174929 0.9949038 2.1633148 0.0215315 -0.9995737 -0.0197240 -0.1349054 0.9948246 0.0233803 -0.0988813 3.9757831
0.0744834 -0.0182213 0.9970558 2.2154868 0.0200768 -0.9996030 -0.0197676 -0.1370423 0.9970202 0.0214901 -0.0740881 3.9722869
0.0361801 -0.0228850 0.9990832 2.2644603 0.0180934 -0.9995589 -0.0235511 -0.1390591 0.9991815 0.0189289 -0.0357502 3.9713950
-0.0171997 -0.0286370 0.9994418 2.3125541 0.0155656 -0.9994762 -0.0283701 -0.1409754 0.9997309 0.0150690 0.0176365 3.9730244
-0.0890771 -0.0269252 0.9956608 2.3588347 0.0147432 -0.9995607 -0.0257116 -0.1426855 0.9959156 0.0123889 0.0894349 3.9774761
-0.1773439 -0.0190123 0.9839653 2.4041193 0.0108979 -0.9997901 -0.0173539 -0.1447090 0.9840886 0.0076456 0.1775138 3.9863844
-0.2780307 -0.0128313 0.9604865 2.4476228 0.0031842 -0.9999176 -0.0124363 -0.1463252 0.9605669 -0.0003993 0.2780487 4.0002642
-0.3908126 -0.0144918 0.9203562 2.4880235 0.0070187 -0.9998939 -0.0127638 -0.1473753 0.9204435 0.0014714 0.3908728 4.0185604
-0.5095718 -0.0256262 0.8600464 2.5243108 0.0160405 -0.9996656 -0.0202824 -0.1483347 0.8602786 0.0034603 0.5098125 4.0420151
-0.5675603 -0.0295470 0.8228015 2.5407338 0.0162963 -0.9995632 -0.0246536 -0.1488758 0.8231705 -0.0005838 0.5677939 4.0555625
-0.6230091 -0.0320812 0.7815564 2.5560997 0.0166785 -0.9994763 -0.0277312 -0.1493358 0.7820368 -0.0042416 0.6232179 4.0705700
-0.6755778 -0.0335864 0.7365234 2.5705931 0.0183628 -0.9994186 -0.0287314 -0.1500298 0.7370601 -0.0058857 0.6758016 4.0863042
-0.7241167 -0.0325984 0.6889067 2.5839400 0.0196337 -0.9994519 -0.0266559 -0.1507159 0.6893980 -0.0057762 0.7243597 4.1030078
-0.7692737 -0.0269411 0.6383512 2.5959818 0.0161882 -0.9996118 -0.0226796 -0.1514519 0.6387143 -0.0071130 0.7694111 4.1207347
-0.8108505 -0.0193258 0.5849340 2.6075377 0.0115935 -0.9997888 -0.0169611 -0.1523802 0.5851384 -0.0069715 0.8109035 4.1394858
-0.8475151 -0.0133336 0.5306040 2.6176319 0.0063574 -0.9998678 -0.0149713 -0.1526242 0.5307334 -0.0093152 0.8474876 4.1591392
-0.8787000 -0.0061034 0.4773355 2.6264951 0.0008343 -0.9999364 -0.0112497 -0.1530511 0.4773738 -0.0094869 0.8786491 4.1793275
-0.9043435 -0.0007100 0.4268049 2.6341405 -0.0048394 -0.9999173 -0.0119175 -0.1535199 0.4267780 -0.0128430 0.9042652 4.1998162
-0.9244953 0.0029667 0.3811822 2.6408188 -0.0087860 -0.9998700 -0.0135272 -0.1540616 0.3810925 -0.0158549 0.9244010 4.2209663
-0.9399777 0.0056554 0.3411888 2.6468720 -0.0130752 -0.9997252 -0.0194512 -0.1543234 0.3409850 -0.0227448 0.9397935 4.2427740
-0.9613322 0.0050304 0.2753457 2.6576550 -0.0125668 -0.9995930 -0.0256135 -0.1543952 0.2751047 -0.0280833 0.9610040 4.2873755
-0.9673510 0.0048462 0.2533939 2.6633401 -0.0103192 -0.9997412 -0.0202742 -0.1543800 0.2532301 -0.0222271 0.9671507 4.3102436
-0.9743138 0.0052586 0.2251331 2.6734567 -0.0102770 -0.9997240 -0.0211248 -0.1546948 0.2249599 -0.0228959 0.9740990 4.3577209
-0.9764642 0.0057625 0.2156025 2.6780043 -0.0117744 -0.9995765 -0.0266102 -0.1545315 0.2153578 -0.0285225 0.9761186 4.3822446
-0.9783886 0.0008935 0.2067731 2.6871810 -0.0094723 -0.9991346 -0.0405025 -0.1547968 0.2065579 -0.0415858 0.9775502 4.4328732
-0.9780056 -0.0052376 0.2085127 2.6982317 -0.0032200 -0.9991863 -0.0402015 -0.1555252 0.2085536 -0.0399887 0.9771931 4.4855304
-0.9761758 -0.0163498 0.2163640 2.7106032 0.0079320 -0.9991794 -0.0397173 -0.1561301 0.2168358 -0.0370549 0.9755046 4.5399518
-0.9739651 -0.0120271 0.2263789 2.7230177 0.0013252 -0.9988767 -0.0473671 -0.1570619 0.2266943 -0.0458339 0.9728869 4.5971394
-0.9719484 -0.0018739 0.2351864 2.7377009 -0.0078231 -0.9991573 -0.0402911 -0.1579878 0.2350638 -0.0410007 0.9711148 4.6570334
-0.9703417 0.0033761 0.2417145 2.7532182 -0.0116760 -0.9993901 -0.0329134 -0.1586982 0.2414559 -0.0347595 0.9697891 4.7183509
-0.9703590 -0.0069075 0.2415690 2.7693377 -0.0001217 -0.9995772 -0.0290711 -0.1592579 0.2416677 -0.0282388 0.9699481 4.7815051
-0.9710940 -0.0171998 0.2380769 2.7847693 0.0092421 -0.9993619 -0.0345008 -0.1600778 0.2385184 -0.0313032 0.9706334 4.8465366
-0.9721061 -0.0050998 0.2344857 2.8010378 -0.0017950 -0.9995725 -0.0291811 -0.1612366 0.2345342 -0.0287880 0.9716815 4.9145465
-0.9731342 0.0000821 0.2302386 2.8173034 -0.0078902 -0.9994244 -0.0329925 -0.1623302 0.2301034 -0.0339228 0.9725748 4.9851980
-0.9744911 -0.0100036 0.2242025 2.8330779 0.0011958 -0.9992233 -0.0393861 -0.1628904 0.2244224 -0.0381133 0.9737464 5.0572271
-0.9762182 -0.0112891 0.2164960 2.8494160 0.0036089 -0.9993511 -0.0358380 -0.1640750 0.2167601 -0.0342044 0.9756255 5.1313338
-0.9773676 -0.0063380 0.2114531 2.8658600 -0.0001880 -0.9995247 -0.0308279 -0.1654426 0.2115479 -0.0301700 0.9769019 5.2079401
-0.9777577 -0.0029438 0.2097176 2.8829246 -0.0017984 -0.9997472 -0.0224177 -0.1662178 0.2097305 -0.0222962 0.9775050 5.2855139
-0.9778248 -0.0032326 0.2094003 2.8992996 -0.0028166 -0.9995875 -0.0285836 -0.1673513 0.2094063 -0.0285396 0.9774122 5.3642774
-0.9775422 -0.0083107 0.2105754 2.9153070 -0.0007556 -0.9990774 -0.0429376 -0.1682448 0.2107379 -0.0421325 0.9766342 5.4439855
-0.9756425 -0.0064762 0.2192704 2.9405813 -0.0050189 -0.9986434 -0.0518268 -0.1704755 0.2193086 -0.0516649 0.9742867 5.5655704
-0.9749238 -0.0080340 0.2223943 2.9590988 -0.0018460 -0.9990219 -0.0441823 -0.1717801 0.2225317 -0.0434849 0.9739552 5.6463432
-0.9745811 -0.0095127 0.2238332 2.9782054 0.0012572 -0.9993147 -0.0369959 -0.1736980 0.2240318 -0.0357741 0.9739250 5.7269883
-0.9739475 -0.0009858 0.2267715 2.9963632 -0.0085697 -0.9991163 -0.0411490 -0.1750514 0.2266116 -0.0420204 0.9730783 5.8078923
-0.9734356 -0.0033539 0.2289367 3.0145688 -0.0068797 -0.9990128 -0.0438879 -0.1764563 0.2288579 -0.0442970 0.9724515 5.8879757
-0.9737907 -0.0174405 0.2267763 3.0432580 0.0098144 -0.9993492 -0.0347125 -0.1792019 0.2272341 -0.0315771 0.9733281 6.0060558
-0.9743926 0.0126870 0.2244956 3.0705216 -0.0197893 -0.9993715 -0.0294147 -0.1814384 0.2239812 -0.0331041 0.9740311 6.1267695
-0.9756397 -0.0117823 0.2190625 3.0966930 0.0045871 -0.9994340 -0.0333249 -0.1829100 0.2193312 -0.0315082 0.9751416 6.2433739
-0.9781814 -0.0129307 0.2073498 3.1219535 0.0060825 -0.9994158 -0.0336311 -0.1857025 0.2076635 -0.0316361 0.9776886 6.3601933
-0.9795768 -0.0113903 0.2007480 3.1443539 0.0021341 -0.9989270 -0.0462645 -0.1884670 0.2010596 -0.0448912 0.9785499 6.4766130
-0.9806605 -0.0094990 0.1954859 3.1672378 0.0014442 -0.9991455 -0.0413054 -0.1909355 0.1957112 -0.0402242 0.9798363 6.5914998
-0.9839173 -0.0094881 0.1783726 3.1881552 0.0038351 -0.9994802 -0.0320102 -0.1926235 0.1785836 -0.0308113 0.9834422 6.7058702
-0.9862525 0.0109150 0.1648842 3.2071385 -0.0166468 -0.9993027 -0.0334209 -0.1942151 0.1644044 -0.0357063 0.9857465 6.8210602
-0.9892776 -0.0089908 0.1457707 3.2243242 0.0041017 -0.9994201 -0.0338053 -0.1953163 0.1459901 -0.0328449 0.9887407 6.9342580
-0.9923011 -0.0058833 0.1237095 3.2378602 0.0002205 -0.9989534 -0.0457394 -0.1972771 0.1238492 -0.0453599 0.9912638 7.0506339
-0.9943777 -0.0141334 0.1049450 3.2458050 0.0092493 -0.9988577 -0.0468812 -0.1984354 0.1054877 -0.0456469 0.9933724 7.1279979
-0.9959679 -0.0040838 0.0896163 3.2519808 -0.0003677 -0.9987690 -0.0496006 -0.1999254 0.0897085 -0.0494336 0.9947405 7.2069435
-0.9977010 0.0069256 0.0674148 3.2599115 -0.0104262 -0.9986075 -0.0517142 -0.2006208 0.0669628 -0.0522982 0.9963839 7.3249240
-0.9982793 0.0000554 0.0586397 3.2639747 -0.0033633 -0.9984076 -0.0563122 -0.2017232 0.0585432 -0.0564125 0.9966897 7.4029546
-0.9987925 -0.0029505 0.0490383 3.2683122 -0.0002559 -0.9978689 -0.0652505 -0.2030040 0.0491263 -0.0651842 0.9966632 7.5204053
-0.9989155 0.0150156 0.0440705 3.2709773 -0.0180154 -0.9974899 -0.0684786 -0.2037072 0.0429316 -0.0691983 0.9966787 7.5992031
-0.9994544 0.0021331 0.0329593 3.2742779 -0.0038737 -0.9985956 -0.0528372 -0.2042175 0.0328003 -0.0529360 0.9980591 7.6762538
-0.9998153 -0.0010060 0.0191856 3.2753718 -0.0000491 -0.9984908 -0.0549165 -0.2046353 0.0192119 -0.0549073 0.9983066 7.7539215
-0.9999514 0.0090427 0.0039612 3.2762032 -0.0092204 -0.9988330 -0.0474121 -0.2051655 0.0035278 -0.0474463 0.9988676 7.8324971
-0.9998827 0.0131256 -0.0079067 3.2759774 -0.0128455 -0.9993229 -0.0344810 -0.2051899 -0.0083539 -0.0343754 0.9993741 7.9117427
-0.9997559 -0.0034433 -0.0218203 3.2747488 0.0039282 -0.9997454 -0.0222181 -0.2058791 -0.0217383 -0.0222983 0.9995150 7.9898767
-0.9993841 -0.0000870 -0.0350932 3.2728958 0.0006203 -0.9998845 -0.0151877 -0.2063328 -0.0350878 -0.0152001 0.9992686 8.0689783
-0.9987788 0.0212299 -0.0446095 3.2679873 -0.0198650 -0.9993274 -0.0308206 -0.2069264 -0.0452338 -0.0298967 0.9985290 8.1491299
-0.9987060 0.0071320 -0.0503516 3.2632868 -0.0055169 -0.9994680 -0.0321417 -0.2065923 -0.0505540 -0.0318223 0.9982142 8.2276831
-0.9984267 -0.0053669 -0.0558166 3.2579827 0.0076603 -0.9991317 -0.0409553 -0.2070458 -0.0555484 -0.0413184 0.9976007 8.3061314
-0.9982754 0.0083394 -0.0581078 3.2537642 -0.0062793 -0.9993481 -0.0355475 -0.2077271 -0.0583664 -0.0351213 0.9976772 8.3864861
-0.9981370 0.0129947 -0.0596130 3.2485135 -0.0107630 -0.9992347 -0.0376062 -0.2080598 -0.0600561 -0.0368946 0.9975129 8.4666395
-0.9978850 -0.0075833 -0.0645593 3.2441332 0.0091069 -0.9996861 -0.0233376 -0.2087525 -0.0643620 -0.0238762 0.9976409 8.5456104
-0.9976690 -0.0071620 -0.0678609 3.2394385 0.0082483 -0.9998419 -0.0157416 -0.2097190 -0.0677374 -0.0162646 0.9975706 8.6254892
-0.9975222 0.0072987 -0.0699732 3.2329559 -0.0057359 -0.9997302 -0.0225095 -0.2110318 -0.0701186 -0.0220524 0.9972949 8.7055140
-0.9974902 -0.0025446 -0.0707570 3.2270622 0.0040614 -0.9997648 -0.0213002 -0.2117177 -0.0706861 -0.0215341 0.9972661 8.7841148
-0.9974359 -0.0029522 -0.0715051 3.2239320 0.0049257 -0.9996113 -0.0274397 -0.2121075 -0.0713963 -0.0277215 0.9970627 8.8231277
-0.9973818 0.0032015 -0.0722458 3.2173476 -0.0007140 -0.9994069 -0.0344314 -0.2132517 -0.0723132 -0.0342897 0.9967924 8.9012699
-0.9973207 0.0060470 -0.0729033 3.2109318 -0.0030834 -0.9991669 -0.0406953 -0.2141488 -0.0730886 -0.0403615 0.9965084 8.9779415
-0.9972093 -0.0031178 -0.0745931 3.2048526 0.0061636 -0.9991551 -0.0406369 -0.2149522 -0.0744033 -0.0409832 0.9963857 9.0528688
-0.9969471 0.0067853 -0.0777834 3.1986418 -0.0034476 -0.9990706 -0.0429634 -0.2154448 -0.0780027 -0.0425641 0.9960441 9.1267176
-0.9967049 0.0110138 -0.0803626 3.1900921 -0.0083442 -0.9994046 -0.0334803 -0.2164008 -0.0806835 -0.0326994 0.9962033 9.2325687
-0.9968493 -0.0003367 -0.0793195 3.1843274 0.0030805 -0.9994010 -0.0344721 -0.2166203 -0.0792604 -0.0346078 0.9962530 9.2983818
-0.9973371 -0.0099641 -0.0722449 3.1777387 0.0118341 -0.9996047 -0.0255022 -0.2181052 -0.0719622 -0.0262892 0.9970608 9.3916712
-0.9984907 0.0082652 -0.0542967 3.1710274 -0.0061928 -0.9992501 -0.0382247 -0.2196647 -0.0545719 -0.0378307 0.9977929 9.4838200
-0.9994836 -0.0163274 -0.0276793 3.1667020 0.0174362 -0.9990354 -0.0403033 -0.2212043 -0.0269946 -0.0407651 0.9988040 9.6018324
-0.9999641 -0.0039930 -0.0074859 3.1659973 0.0042092 -0.9995682 -0.0290838 -0.2235499 -0.0073665 -0.0291143 0.9995489 9.6903934
-0.9999959 -0.0002500 0.0028732 3.1661906 0.0001685 -0.9995993 -0.0283074 -0.2250315 0.0028792 -0.0283068 0.9995951 9.7782373
-0.9999884 0.0044713 0.0017780 3.1663580 -0.0045200 -0.9995864 -0.0283989 -0.2256243 0.0016503 -0.0284066 0.9995951 9.8374748
-0.9999969 0.0014632 0.0019454 3.1654596 -0.0015369 -0.9992599 -0.0384316 -0.2262750 0.0018877 -0.0384345 0.9992593 9.8969517
-0.9998725 -0.0158642 -0.0017799 3.1648073 0.0159238 -0.9990368 -0.0408887 -0.2271491 -0.0011295 -0.0409118 0.9991621 9.9562454
-0.9998542 -0.0144357 -0.0091119 3.1643727 0.0147676 -0.9991887 -0.0374666 -0.2279021 -0.0085636 -0.0375957 0.9992563 10.0169249
-0.9997789 0.0125876 -0.0168478 3.1628647 -0.0119165 -0.9991541 -0.0393585 -0.2288990 -0.0173289 -0.0391490 0.9990831 10.0792427
-0.9995199 0.0199967 -0.0236639 3.1617999 -0.0192474 -0.9993191 -0.0314776 -0.2290906 -0.0242772 -0.0310070 0.9992243 10.1415205
-0.9995253 0.0053804 -0.0303370 3.1591706 -0.0043395 -0.9994031 -0.0342746 -0.2289387 -0.0305033 -0.0341267 0.9989519 10.2037506
-0.9994277 0.0052955 -0.0334140 3.1579623 -0.0046915 -0.9998247 -0.0181285 -0.2285208 -0.0335041 -0.0179613 0.9992772 10.2670879
-0.9992634 0.0122666 -0.0363643 3.1562181 -0.0119908 -0.9998979 -0.0077909 -0.2291093 -0.0364562 -0.0073491 0.9993082 10.3310900
-0.9992444 0.0043329 -0.0386230 3.1541862 -0.0043536 -0.9999904 0.0004530 -0.2292667 -0.0386207 0.0006208 0.9992538 10.3942442
-0.9991595 0.0065973 -0.0404555 3.1521137 -0.0070254 -0.9999206 0.0104487 -0.2298359 -0.0403834 0.0107241 0.9991267 10.4576845
-0.9990336 0.0138484 -0.0417170 3.1493919 -0.0143571 -0.9998260 0.0119211 -0.2302397 -0.0415447 0.0125085 0.9990583 10.5209675
-0.9991178 0.0041452 -0.0417923 3.1469791 -0.0048422 -0.9998507 0.0165901 -0.2306731 -0.0417173 0.0167779 0.9989886 10.5827856
-0.9990435 -0.0104108 -0.0424700 3.1448910 0.0096845 -0.9998039 0.0172736 -0.2315034 -0.0426415 0.0168458 0.9989484 10.6440630
-0.9989938 0.0097507 -0.0437753 3.1400864 -0.0105381 -0.9997861 0.0177917 -0.2334950 -0.0435925 0.0182351 0.9988830 10.7643452
-0.9974240 0.0086506 -0.0712073 3.1332219 -0.0110008 -0.9994053 0.0326795 -0.2339969 -0.0708823 0.0333786 0.9969261 10.8954515
-0.9885165 0.0049953 -0.1510305 3.1206491 -0.0105960 -0.9992847 0.0363014 -0.2347395 -0.1507411 0.0374849 0.9878623 10.9866676
-0.9582861 -0.0017076 -0.2858058 3.0964611 -0.0077219 -0.9994625 0.0318623 -0.2361837 -0.2857066 0.0327402 0.9577577 11.0698023
-0.8575447 -0.0070322 -0.5143616 3.0460258 0.0152869 -0.9998134 -0.0118172 -0.2377357 -0.5141824 -0.0179967 0.8574920 11.1561298
-0.7916534 0.0001818 -0.6109706 3.0201106 0.0209608 -0.9994033 -0.0274570 -0.2381440 -0.6106109 -0.0345428 0.7911770 11.1853409
-0.7159019 0.0228477 -0.6978270 2.9907346 0.0142597 -0.9987776 -0.0473302 -0.2378661 -0.6980553 -0.0438346 0.7147009 11.2112198
-0.6331587 0.0444377 -0.7727454 2.9588704 0.0128615 -0.9976087 -0.0679069 -0.2368348 -0.7739152 -0.0529345 0.6310731 11.2330303
-0.5423153 0.0553075 -0.8383526 2.9261398 0.0132970 -0.9971409 -0.0743846 -0.2357322 -0.8400697 -0.0514875 0.5400295 11.2508860
-0.4423148 0.0553605 -0.8951497 2.8922155 0.0088410 -0.9977755 -0.0660760 -0.2338132 -0.8968164 -0.0371403 0.4408413 11.2651176
-0.3350160 0.0480980 -0.9409840 2.8553493 0.0065050 -0.9985543 -0.0533567 -0.2316287 -0.9421900 -0.0239964 0.3342187 11.2763777
-0.2341668 0.0476827 -0.9710264 2.8152573 0.0112135 -0.9985976 -0.0517408 -0.2297342 -0.9721318 -0.0230045 0.2333037 11.2834816
-0.1446139 0.0497331 -0.9882376 2.7717204 0.0111225 -0.9985913 -0.0518817 -0.2279691 -0.9894257 -0.0184945 0.1438569 11.2876930
-0.1043422 0.0494686 -0.9933104 2.7490885 0.0119101 -0.9986283 -0.0509846 -0.2270617 -0.9944701 -0.0171502 0.1036100 11.2887764
-0.0693326 0.0487185 -0.9964033 2.7257328 0.0125744 -0.9986847 -0.0497050 -0.2261598 -0.9975143 -0.0159753 0.0686289 11.2890940
-0.0146970 0.0445105 -0.9989008 2.6767733 0.0162571 -0.9988661 -0.0447481 -0.2238234 -0.9997598 -0.0168969 0.0139567 11.2882690
0.0075590 0.0437577 -0.9990136 2.6519420 0.0187772 -0.9988723 -0.0436094 -0.2228997 -0.9997952 -0.0184290 -0.0083723 11.2869864
0.0262614 0.0425853 -0.9987476 2.6255078 0.0217354 -0.9988803 -0.0420195 -0.2221064 -0.9994188 -0.0206047 -0.0271577 11.2856665
0.0510701 0.0404991 -0.9978736 2.5709705 0.0268933 -0.9988708 -0.0391632 -0.2200520 -0.9983329 -0.0248361 -0.0521015 11.2815714
0.0608442 0.0387889 -0.9973934 2.5134108 0.0280178 -0.9989174 -0.0371390 -0.2181327 -0.9977540 -0.0256851 -0.0618652 11.2776384
0.0639017 0.0393909 -0.9971785 2.4520628 0.0271280 -0.9989201 -0.0377213 -0.2159006 -0.9975875 -0.0246410 -0.0649013 11.2733955
0.0629956 0.0400216 -0.9972110 2.3868070 0.0262693 -0.9989159 -0.0384306 -0.2135631 -0.9976680 -0.0237751 -0.0639786 11.2691011
0.0618996 0.0351888 -0.9974618 2.3176262 0.0216990 -0.9991894 -0.0339031 -0.2111267 -0.9978464 -0.0195453 -0.0626129 11.2651844
0.0591029 0.0329843 -0.9977069 2.2442136 0.0218939 -0.9992565 -0.0317386 -0.2085024 -0.9980118 -0.0199679 -0.0597812 11.2602215
0.0564080 0.0334492 -0.9978473 2.1663451 0.0201915 -0.9992724 -0.0323555 -0.2060558 -0.9982036 -0.0183230 -0.0570423 11.2556219
0.0533154 0.0332962 -0.9980224 2.0841658 0.0145986 -0.9993630 -0.0325610 -0.2034708 -0.9984710 -0.0128337 -0.0537674 11.2514448
0.0512311 0.0360711 -0.9980352 1.9988712 0.0126000 -0.9992913 -0.0354697 -0.2008094 -0.9986073 -0.0107581 -0.0516493 11.2471695
0.0489344 0.0451147 -0.9977826 1.9119439 0.0101977 -0.9989498 -0.0446674 -0.1982344 -0.9987499 -0.0079893 -0.0493430 11.2424269
0.0491337 0.0426456 -0.9978814 1.8250573 0.0103120 -0.9990564 -0.0421881 -0.1951423 -0.9987390 -0.0082173 -0.0495271 11.2376347
0.0526431 0.0373092 -0.9979162 1.7387600 0.0063103 -0.9992944 -0.0370278 -0.1926786 -0.9985935 -0.0043479 -0.0528415 11.2331152
0.0586133 0.0484821 -0.9971028 1.6518188 0.0026429 -0.9988241 -0.0484104 -0.1902720 -0.9982773 0.0002023 -0.0586726 11.2280684
0.0641411 0.0524019 -0.9965641 1.5651956 -0.0014547 -0.9986145 -0.0526034 -0.1871510 -0.9979398 0.0048238 -0.0639761 11.2221880
0.0702516 0.0474961 -0.9963979 1.4792740 0.0000775 -0.9988661 -0.0476082 -0.1837618 -0.9975293 0.0032674 -0.0701756 11.2162352
0.0742776 0.0452324 -0.9962113 1.3937619 0.0012909 -0.9989744 -0.0452616 -0.1808580 -0.9972368 0.0020759 -0.0742598 11.2095690
0.0760939 0.0411746 -0.9962502 1.3095114 0.0099987 -0.9991284 -0.0405299 -0.1786017 -0.9970506 -0.0068772 -0.0764394 11.2017937
0.0757748 0.0372066 -0.9964306 1.2264345 0.0135151 -0.9992502 -0.0362842 -0.1762314 -0.9970334 -0.0107174 -0.0762209 11.1949978
0.0723985 0.0370675 -0.9966867 1.1424644 0.0132343 -0.9992569 -0.0362017 -0.1744065 -0.9972880 -0.0105696 -0.0728352 11.1883821
0.0686138 0.0391357 -0.9968753 1.0597218 0.0099115 -0.9992076 -0.0385450 -0.1724851 -0.9975940 -0.0072358 -0.0689472 11.1826401
0.0648184 0.0407160 -0.9970661 0.9783933 -0.0008228 -0.9991648 -0.0408552 -0.1702116 -0.9978968 0.0034686 -0.0647308 11.1773834
0.0613336 0.0382124 -0.9973856 0.8973209 -0.0001615 -0.9992664 -0.0382944 -0.1679794 -0.9981173 0.0025098 -0.0612824 11.1725883
0.0615100 0.0461849 -0.9970374 0.7756282 -0.0034152 -0.9989133 -0.0464825 -0.1644380 -0.9981006 0.0062642 -0.0612855 11.1653490
0.0655752 0.0468135 -0.9967489 0.6957356 -0.0006654 -0.9988967 -0.0469581 -0.1618745 -0.9978474 0.0037425 -0.0654717 11.1597843
0.0759085 0.0391220 -0.9963470 0.5785936 0.0020115 -0.9992339 -0.0390821 -0.1583467 -0.9971127 0.0009625 -0.0759290 11.1502199
0.0856672 0.0391101 -0.9955559 0.5012910 0.0061837 -0.9992308 -0.0387224 -0.1564899 -0.9963046 -0.0028389 -0.0858431 11.1433411
0.0941660 0.0434845 -0.9946064 0.4240721 0.0112566 -0.9990283 -0.0426121 -0.1541710 -0.9954929 -0.0071833 -0.0945640 11.1353502
0.1013219 0.0449195 -0.9938391 0.3485168 0.0198085 -0.9988732 -0.0431276 -0.1519695 -0.9946565 -0.0153167 -0.1020976 11.1267738
0.1042935 0.0432673 -0.9936049 0.2739923 0.0293528 -0.9987518 -0.0404104 -0.1495913 -0.9941133 -0.0249505 -0.1054332 11.1177111
0.1055120 0.0444550 -0.9934239 0.2019842 0.0354804 -0.9985325 -0.0409152 -0.1474633 -0.9937849 -0.0309300 -0.1069345 11.1091948
0.1042240 0.0449265 -0.9935386 0.0992997 0.0435510 -0.9982272 -0.0405700 -0.1445683 -0.9935999 -0.0390412 -0.1059959 11.0968781
0.0971663 0.0470974 -0.9941532 0.0019385 0.0467466 -0.9979933 -0.0427105 -0.1418228 -0.9941697 -0.0423233 -0.0991730 11.0865498
0.0913673 0.0445502 -0.9948202 -0.0594500 0.0477775 -0.9980444 -0.0403065 -0.1400226 -0.9946705 -0.0438474 -0.0933172 11.0804310
0.0857172 0.0427485 -0.9954020 -0.1180705 0.0435071 -0.9982868 -0.0391259 -0.1383801 -0.9953692 -0.0399533 -0.0874302 11.0754375
0.0746129 0.0443057 -0.9962278 -0.2005669 0.0453301 -0.9981304 -0.0409953 -0.1361835 -0.9961817 -0.0421003 -0.0764817 11.0687246
0.0654064 0.0440365 -0.9968866 -0.2505567 0.0435827 -0.9981985 -0.0412349 -0.1349988 -0.9969065 -0.0407500 -0.0672079 11.0652695
0.0569731 0.0449672 -0.9973626 -0.2975433 0.0408253 -0.9982546 -0.0426753 -0.1335855 -0.9975407 -0.0382863 -0.0587095 11.0627251
0.0424997 0.0484613 -0.9979204 -0.3625610 0.0411763 -0.9980592 -0.0467144 -0.1318560 -0.9982476 -0.0391054 -0.0444126 11.0598326
0.0078229 0.0448003 -0.9989653 -0.4688478 0.0325529 -0.9984779 -0.0445235 -0.1285612 -0.9994394 -0.0321709 -0.0092694 11.0585461
-0.0093061 0.0426201 -0.9990480 -0.5195861 0.0297150 -0.9986383 -0.0428794 -0.1272421 -0.9995151 -0.0300857 0.0080269 11.0596123
-0.1608984 0.0173279 -0.9868189 -0.6796010 0.0268777 -0.9993982 -0.0219311 -0.1255612 -0.9866050 -0.0300521 0.1603357 11.0751047
-0.3273213 0.0210706 -0.9446781 -0.7439125 0.0082306 -0.9996498 -0.0251485 -0.1252512 -0.9448772 -0.0160069 0.3270333 11.0992622
-0.5086363 0.0295982 -0.8604726 -0.7983274 0.0090463 -0.9991700 -0.0397165 -0.1245759 -0.8609339 -0.0279853 0.5079464 11.1323557
-0.6981917 0.0158995 -0.7157343 -0.8488865 0.0060397 -0.9995870 -0.0280968 -0.1239693 -0.7158854 -0.0239398 0.6978073 11.1839809
-0.7863789 0.0071491 -0.6177031 -0.8719172 0.0124732 -0.9995455 -0.0274477 -0.1233498 -0.6176186 -0.0292890 0.7859322 11.2166414
-0.8590791 0.0075559 -0.5117870 -0.8917470 0.0059392 -0.9996766 -0.0247284 -0.1234433 -0.5118083 -0.0242833 0.8587564 11.2553444
-0.9139512 0.0062866 -0.4057752 -0.9081802 0.0011905 -0.9998341 -0.0181715 -0.1238420 -0.4058221 -0.0170909 0.9137923 11.2989368
-0.9515510 -0.0012930 -0.3074879 -0.9216788 0.0058674 -0.9998854 -0.0139527 -0.1238705 -0.3074346 -0.0150809 0.9514497 11.3472090
-0.9754867 -0.0042406 -0.2200179 -0.9323885 0.0073805 -0.9998823 -0.0134512 -0.1242727 -0.2199350 -0.0147453 0.9754031 11.4005098
-0.9884910 -0.0031439 -0.1512468 -0.9400734 0.0051169 -0.9999067 -0.0126571 -0.1248557 -0.1511929 -0.0132853 0.9884150 11.4583197
-0.9946079 -0.0028422 -0.1036674 -0.9453403 0.0036449 -0.9999648 -0.0075544 -0.1256457 -0.1036423 -0.0078915 0.9945833 11.5202589
-0.9971972 -0.0024416 -0.0747778 -0.9497155 0.0028143 -0.9999841 -0.0048788 -0.1261558 -0.0747647 -0.0050756 0.9971883 11.5859861
-0.9983537 -0.0040901 -0.0572148 -0.9534379 0.0043730 -0.9999790 -0.0048212 -0.1268594 -0.0571939 -0.0050635 0.9983502 11.6551971
-0.9988756 -0.0063136 -0.0469845 -0.9565184 0.0064631 -0.9999745 -0.0030301 -0.1273891 -0.0469642 -0.0033304 0.9988910 11.7273855
-0.9989910 -0.0059892 -0.0445076 -0.9578683 0.0061097 -0.9999779 -0.0025707 -0.1278285 -0.0444912 -0.0028401 0.9990057 11.7645645
-0.9991512 -0.0024039 -0.0411235 -0.9612755 0.0025257 -0.9999926 -0.0029105 -0.1289643 -0.0411162 -0.0030119 0.9991498 11.8404455
-0.9991582 0.0001885 -0.0410255 -0.9644428 -0.0001140 -0.9999985 -0.0018179 -0.1290693 -0.0410258 -0.0018117 0.9991564 11.9208508
-0.9989398 -0.0050258 -0.0457605 -0.9672831 0.0050031 -0.9999873 0.0006108 -0.1293982 -0.0457630 0.0003812 0.9989523 12.0040960
-0.9987669 -0.0148370 -0.0473779 -0.9723595 0.0150103 -0.9998819 -0.0033046 -0.1305151 -0.0473232 -0.0040117 0.9988716 12.0890770
-0.9988296 -0.0081086 -0.0476835 -0.9769027 0.0083961 -0.9999478 -0.0058321 -0.1316492 -0.0476337 -0.0062256 0.9988455 12.1777573
-0.9988705 0.0068929 -0.0470131 -0.9813776 -0.0067522 -0.9999722 -0.0031516 -0.1327981 -0.0470335 -0.0028306 0.9988893 12.2687664
-0.9987863 -0.0029441 -0.0491622 -0.9855397 0.0027822 -0.9999903 0.0033611 -0.1328893 -0.0491716 0.0032203 0.9987852 12.3618336
-0.9985529 -0.0145207 -0.0517813 -0.9904306 0.0142426 -0.9998822 0.0057350 -0.1342163 -0.0518585 0.0049892 0.9986420 12.4567785
-0.9984573 -0.0134930 -0.0538613 -0.9956644 0.0133299 -0.9999055 0.0033867 -0.1364175 -0.0539019 0.0026635 0.9985427 12.5549278
-0.9985444 -0.0002660 -0.0539359 -1.0012231 0.0002400 -0.9999998 0.0004893 -0.1377661 -0.0539361 0.0004756 0.9985443 12.6557312
-0.9985816 0.0011585 -0.0532314 -1.0069094 -0.0012729 -0.9999970 0.0021146 -0.1382021 -0.0532288 0.0021794 0.9985800 12.7582283
-0.9985227 -0.0069377 -0.0538885 -1.0125850 0.0066913 -0.9999662 0.0047499 -0.1388672 -0.0539197 0.0043823 0.9985357 12.8619175
-0.9984589 -0.0087229 -0.0548081 -1.0150703 0.0083976 -0.9999458 0.0061625 -0.1392831 -0.0548588 0.0056928 0.9984779 12.9140587
-0.9983316 -0.0048927 -0.0575328 -1.0206666 0.0044556 -0.9999603 0.0077229 -0.1414243 -0.0575683 0.0074536 0.9983137 13.0196896
-0.9980831 -0.0032726 -0.0618022 -1.0265487 0.0026985 -0.9999525 0.0093707 -0.1431352 -0.0618299 0.0091860 0.9980444 13.1254778
-0.9977526 -0.0134555 -0.0656386 -1.0332792 0.0127318 -0.9998535 0.0114316 -0.1448573 -0.0657828 0.0105702 0.9977780 13.2310371
-0.9975516 -0.0130886 -0.0686985 -1.0412506 0.0124904 -0.9998803 0.0091302 -0.1471280 -0.0688098 0.0082498 0.9975957 13.3375845
-0.9974206 -0.0040617 -0.0716641 -1.0489440 0.0036606 -0.9999769 0.0057283 -0.1496214 -0.0716857 0.0054512 0.9974124 13.4434948
-0.9972795 0.0001718 -0.0737122 -1.0573962 -0.0002493 -0.9999993 0.0010416 -0.1512883 -0.0737120 0.0010572 0.9972790 13.5487089
-0.9972655 -0.0063316 -0.0736302 -1.0694722 0.0062461 -0.9999795 0.0013911 -0.1538724 -0.0736375 0.0009274 0.9972846 13.7047586
-0.9971559 -0.0117835 -0.0744387 -1.0772482 0.0116385 -0.9999294 0.0023807 -0.1558506 -0.0744615 0.0015075 0.9972227 13.8080254
-0.9972618 -0.0068734 -0.0736319 -1.0851436 0.0069632 -0.9999753 -0.0009638 -0.1583891 -0.0736234 -0.0014739 0.9972850 13.9106321
-0.9973102 -0.0045136 -0.0731591 -1.0932330 0.0048571 -0.9999781 -0.0045179 -0.1603862 -0.0731371 -0.0048611 0.9973101 14.0126276
-0.9973405 -0.0008105 -0.0728766 -1.0969849 0.0012762 -0.9999789 -0.0063439 -0.1610800 -0.0728699 -0.0064200 0.9973208 14.0634842
-0.9973870 0.0043901 -0.0721110 -1.1009827 -0.0038160 -0.9999600 -0.0080975 -0.1619882 -0.0721437 -0.0078011 0.9973637 14.1142521
-0.9973991 0.0042313 -0.0719520 -1.1048621 -0.0034570 -0.9999348 -0.0108837 -0.1624629 -0.0719933 -0.0106067 0.9973487 14.1649227
-0.9974525 -0.0008996 -0.0713295 -1.1090935 0.0018732 -0.9999061 -0.0135842 -0.1630745 -0.0713105 -0.0136832 0.9973603 14.2147188
-0.9974269 -0.0054455 -0.0714829 -1.1127414 0.0065989 -0.9998517 -0.0159082 -0.1636188 -0.0713857 -0.0163389 0.9973150 14.2646847
-0.9974495 -0.0081061 -0.0709138 -1.1166580 0.0094281 -0.9997876 -0.0183272 -0.1643173 -0.0707502 -0.0189490 0.9973141 14.3143406
-0.9974716 -0.0089768 -0.0704954 -1.1206379 0.0104910 -0.9997214 -0.0211396 -0.1653896 -0.0702860 -0.0218257 0.9972881 14.3641882
-0.9974665 -0.0103209 -0.0703860 -1.1244524 0.0120057 -0.9996505 -0.0235563 -0.1662013 -0.0701183 -0.0243416 0.9972417 14.4140787
-0.9974894 -0.0067489 -0.0704920 -1.1319455 0.0084844 -0.9996674 -0.0243494 -0.1682056 -0.0703042 -0.0248864 0.9972151 14.5147667
-0.9974948 -0.0048620 -0.0705736 -1.1355125 0.0065527 -0.9996966 -0.0237450 -0.1691893 -0.0704367 -0.0241479 0.9972239 14.5652771
-0.9974801 -0.0047563 -0.0707863 -1.1425891 0.0064838 -0.9996862 -0.0241939 -0.1707837 -0.0706490 -0.0245919 0.9971981 14.6660156
-0.9976057 -0.0042475 -0.0690286 -1.1500806 0.0059263 -0.9996913 -0.0241337 -0.1722848 -0.0689048 -0.0244850 0.9973227 14.7674608
-0.9976921 -0.0047954 -0.0677324 -1.1573942 0.0064126 -0.9996991 -0.0236795 -0.1738127 -0.0675984 -0.0240592 0.9974225 14.8693933
-0.9977509 -0.0046849 -0.0668686 -1.1645261 0.0062201 -0.9997215 -0.0227698 -0.1753327 -0.0667433 -0.0231345 0.9975019 14.9728737
-0.9976646 -0.0127433 -0.0671050 -1.1719546 0.0143583 -0.9996175 -0.0236392 -0.1767241 -0.0667781 -0.0245475 0.9974658 15.0761003
-0.9977580 -0.0049681 -0.0667401 -1.1792936 0.0065107 -0.9997162 -0.0229155 -0.1788184 -0.0666073 -0.0232987 0.9975072 15.1802883
-0.9978137 -0.0003612 -0.0660887 -1.1864957 0.0018998 -0.9997286 -0.0232189 -0.1802360 -0.0660624 -0.0232936 0.9975436 15.2844667
-0.9978206 0.0016301 -0.0659669 -1.1935655 -0.0001657 -0.9997537 -0.0221982 -0.1816176 -0.0659869 -0.0221388 0.9975749 15.3879948
